Solution 1
Weight 100000000.0
0 0
1 0
2 1
3 0
4 1
5 0
6 1
7 1
8 1
9 1
10 1
11 1
12 1
13 1
14 1
15 1
16 1
17 1
18 1
19 1
20 1
21 1
22 1
23 1
24 1
25 1
26 1
------------
Solution 2
Weight 100000000.0
0 0
1 0
2 1
3 0
4 1
5 0
6 1
7 1
8 1
9 1
10 1
11 0
12 0
13 1
14 1
15 1
16 0
17 1
18 1
19 1
20 1
21 1
22 0
23 0
24 1
25 0
26 1
------------
Solution 3
Weight 100000000.0
0 0
1 0
2 1
3 0
4 1
5 0
6 1
7 1
8 1
9 1
10 0
11 1
12 1
13 1
14 0
15 1
16 1
17 0
18 0
19 0
20 1
21 1
22 1
23 1
24 0
25 1
26 1
------------
